10.529105483671978
17.80649124132568
17.089016107498605
19.302010603016257
15.54976449584446
11.689335028119295
10.103846757681293
12.94670007365003
12.589274607874149
11.442460322969273
17.206635916025093
19.01849247842288
11.69353018743331
14.649834223688636
16.88077054853899
-6.655364148277077
7.933516857571291
14.190322608859056
-3.621325920064786
1.57739462897365
9.163822845744562
8.84231209239599
15.326460307483213
1.0122095281073946
-0.32129137512898787
19.953304499021563
-4.842753032055674
5.716449188915858
14.4247906999795
9.601869355369804
-2.420908579947297
-1.0454336795481929
-8.58372837948814
18.17658511521447
1.9065819473435326
6.517085320597374
6.896051390360977
11.719278237926154
13.23489390561016
-6.1050748311215255
-1.4309650035466817
12.49580964835776
19.812321684109754
15.98828478118661
3.3599508515674863
3.4669038172211835
19.627386004166393
15.698678714334285
15.564821056881332
12.983707870780076
8.489853478240825
6.614033187631179
0.5414651928374052
8.48089775682935
4.106424338701489
19.313240182557095
2.804605078978893
10.188229865729578
-4.369560352827346
-5.641263501855246
4.699317901174071
17.690935372873486
-6.908088235311338
18.659039950451337
3.9033896833469814
