+----------+------------+
|     x    |    sin(x)  |
+----------+------------+
|   -3,200 |  0,0583741 |
|   -3,000 | -0,1411200 |
|   -2,800 | -0,3349882 |
|   -2,600 | -0,5155014 |
|   -2,400 | -0,6754632 |
|   -2,200 | -0,8084964 |
|   -2,000 | -0,9092974 |
|   -1,800 | -0,9738476 |
|   -1,600 | -0,9995736 |
|   -1,400 | -0,9854497 |
|   -1,200 | -0,9320391 |
|   -1,000 | -0,8414710 |
|   -0,800 | -0,7173561 |
|   -0,600 | -0,5646425 |
|   -0,400 | -0,3894183 |
|   -0,200 | -0,1986693 |
|    0,000 |  0,0000000 |
|    0,200 |  0,1986693 |
|    0,400 |  0,3894183 |
|    0,600 |  0,5646425 |
|    0,800 |  0,7173561 |
|    1,000 |  0,8414710 |
|    1,200 |  0,9320391 |
|    1,400 |  0,9854497 |
|    1,600 |  0,9995736 |
|    1,800 |  0,9738476 |
|    2,000 |  0,9092974 |
|    2,200 |  0,8084964 |
|    2,400 |  0,6754632 |
|    2,600 |  0,5155014 |
|    2,800 |  0,3349882 |
|    3,000 |  0,1411200 |
+----------+------------+
